0x30,"PERSONAL DATA [1/4]

CODENAME:SIGINT
SEX:MALE
AGE:24
NATIONALITY:U.S.A
BIRTHDATE:11/11/1939
BIRTHPLACE:NASHVILLE,TN.
ADDRESS:LANGLEY,VA.
","PERSONAL DATA [1/4]

CODENAME:SIGINT
SEX:MALE
AGE:24
NATIONALITY:U.S.A
BIRTHDATE:11/11/1939
BIRTHPLACE:NASHVILLE,TN.
ADDRESS:LANGLEY,VA.
"
0xba,"PERSONAL DATA [2/4]

HEIGHT:6% 5/8~
WEIGHT:171q
HAIR:BALD
EYE:BROWN
SKIN:BLACK
VOICE:JAMES MATHIS
EYESIGHT:20/16
","PERSONAL DATA [2/4]

HEIGHT:6% 5/8~
WEIGHT:171q
HAIR:BALD
EYE:BROWN
SKIN:BLACK
VOICE:JAMES MATHIS
EYESIGHT:20/16
"
0x12c,"PERSONAL DATA [3/4]

BLOOD TYPE:O
PAST ILLNESSES:NONE
FAMILY:PARENTS,A SISTER
HOBBY:BASKETBALL
FVRT FOOD:BUFFALO WINGS
UNFVRT FOOD:FISH & CHIPS
MST INTRSTD TECH:COMPUTER
","PERSONAL DATA [3/4]

BLOOD TYPE:O
PAST ILLNESSES:NONE
FAMILY:PARENTS,A SISTER
HOBBY:BASKETBALL
FVRT FOOD:BUFFALO WINGS
UNFVRT FOOD:FISH & CHIPS
MST INTRSTD TECH:COMPUTER
"
0x1d7,"PERSONAL DATA [4/4]

FVRT ANIMAL:CAT
FVRT LIQUOR:BEER
FVRT UMA:SNOWMAN
FVRT UFO:ADAMSKI TYPE
PRIMARY INVNTNS:EZ GUN
NO. OF THIS YEAR'S WRRTN
APOLOGY:21
","PERSONAL DATA [4/4]

FVRT ANIMAL:CAT
FVRT LIQUOR:BEER
FVRT UMA:SNOWMAN
FVRT UFO:ADAMSKI TYPE
PRIMARY INVNTNS:EZ GUN
NO. OF THIS YEAR'S WRRTN
APOLOGY:21
"
0x270,"PERSONAL DATA [1/3]

CODENAME:SIGINT
SEX:MALE
AGE:24
NATIONALITY:U.S.A
BIRTHDATE:11/11/1939
BIRTHPLACE:NASHVILLE,TN.
ADDRESS:LANGLEY,VA.
","PERSONAL DATA [1/3]

CODENAME:SIGINT
SEX:MALE
AGE:24
NATIONALITY:U.S.A
BIRTHDATE:11/11/1939
BIRTHPLACE:NASHVILLE,TN.
ADDRESS:LANGLEY,VA.
"
0x2fa,"PERSONAL DATA [2/3]

HEIGHT:6% 5/8~
WEIGHT:171q
HAIR:BALD
EYE:BROWN
SKIN:BLACK
VOICE:JAMES MATHIS
EYESIGHT:20/16
","PERSONAL DATA [2/3]

HEIGHT:6% 5/8~
WEIGHT:171q
HAIR:BALD
EYE:BROWN
SKIN:BLACK
VOICE:JAMES MATHIS
EYESIGHT:20/16
"
0x36c,"PERSONAL DATA [3/3]

BLOOD TYPE:O
PAST ILLNESSES:NONE
FAMILY:PARENTS,A SISTER
HOBBY:BASKETBALL
FVRT FOOD:BUFFALO WINGS
UNFVRT FOOD:FISH & CHIPS
MST INTRSTD TECH:COMPUTER
","PERSONAL DATA [3/3]

BLOOD TYPE:O
PAST ILLNESSES:NONE
FAMILY:PARENTS,A SISTER
HOBBY:BASKETBALL
FVRT FOOD:BUFFALO WINGS
UNFVRT FOOD:FISH & CHIPS
MST INTRSTD TECH:COMPUTER
"
0x417,"PERSONAL DATA [1/2]

CODENAME:SIGINT
SEX:MALE
AGE:24
NATIONALITY:U.S.A
BIRTHDATE:11/11/1939
BIRTHPLACE:NASHVILLE,TN.
ADDRESS:LANGLEY,VA.
","PERSONAL DATA [1/2]

CODENAME:SIGINT
SEX:MALE
AGE:24
NATIONALITY:U.S.A
BIRTHDATE:11/11/1939
BIRTHPLACE:NASHVILLE,TN.
ADDRESS:LANGLEY,VA.
"
0x4a1,"PERSONAL DATA [2/2]

HEIGHT:6% 5/8~
WEIGHT:171q
HAIR:BALD
EYE:BROWN
SKIN:BLACK
VOICE:JAMES MATHIS
EYESIGHT:20/16
","PERSONAL DATA [2/2]

HEIGHT:6% 5/8~
WEIGHT:171q
HAIR:BALD
EYE:BROWN
SKIN:BLACK
VOICE:JAMES MATHIS
EYESIGHT:20/16
"
0x513,"PERSONAL DATA [1/1]

CODENAME:SIGINT
SEX:MALE
AGE:24
NATIONALITY:U.S.A
BIRTHDATE:11/11/1939
BIRTHPLACE:NASHVILLE,TN.
ADDRESS:LANGLEY,VA.
","PERSONAL DATA [1/1]

CODENAME:SIGINT
SEX:MALE
AGE:24
NATIONALITY:U.S.A
BIRTHDATE:11/11/1939
BIRTHPLACE:NASHVILLE,TN.
ADDRESS:LANGLEY,VA.
"
0x59d,"Pare che siano state disseminate delle trappole
in tutta quella zona. E hanno un aspetto un
po'...primitivo.
","Pare che siano state disseminate delle trappole
in tutta quella zona. E hanno un aspetto un
po'...primitivo.
"
